A=[2.998908846819151,0.000007976706011714185;
3.0000872922544683,0.0007820181969233064;
2.9954307019902635,0.0013632642085703028;
2.9931159522079924,0.002524853208542205;
2.995460802767666,0.0032987441955667495;
2.988474412332489,0.004073839213687452;
2.9908192628921632,0.004847730200711969;
2.986165682705699,0.005622524211058633;
2.9885165534208533,0.006783511195482483;
2.9815331730634167,0.00775215421230277;
2.9838780236230904,0.008526045199327342;
2.9792214333588855,0.009107291210974338;
2.9815662839185597,0.009881182197998883;
2.9745798934833827,0.010656277216119586;
2.9792545442140285,0.011236319196670452;
2.9722681537788515,0.012011414214791127;
2.9769488246649786,0.0129785521927413;
2.9699624342298016,0.013753647210861946;
2.9746431051159283,0.014720785188812146;
2.9653208943542983,0.015302633216007166;
2.967665744913972,0.016076524203031767;
2.963015174805248,0.01704486621207804,
2.965363035442662,0.018012305197802225;
2.9560438347587725,0.01878770122369694;
2.9630573158936117,0.0197545381938731;
2.95140831503875,0.020723783226241438;
2.9607485862668214,0.021303223191244308;
2.956091996002617,0.021884469202891277;
2.9491116257229204,0.02304666021841123;
2.9561281169355,0.02420704518728703;
2.9491357063448426,0.0245950442080084;
2.958442866717771,0.023045456187315127;
2.9538163772309693,0.02556218218595857;
2.9421583461428864,0.02595078322222799;
2.951495607293218,0.026336675188531222;
2.942173396531588,0.026918523215726242;
2.949182362549817,0.02759503818785289;
2.939858646749317,0.028080112215698172;
2.9468721278841565,0.029046949185874304;
2.935211086718333,0.029242002223444085;
2.944554368024145,0.030014990187146567;
2.9328993470138025,0.030597139222115627;
2.9422426283196143,0.03137012718581811;
2.9329204175579844,0.031951975213013156;
2.937601088444111,0.032919113190963356;
2.928284897837962,0.033888057215557654;
2.9376251690660333,0.0344674971805605;
2.9259671379779504,0.034856098216829945;
2.9329745989573092,0.0354358391896068;
2.9236523881956793,0.03601768721680185;
2.9306628592527786,0.03679097618827837;
2.9190048281646956,0.037179577224547775;
2.9283481094705075,0.03795256518825024;
2.916693088460165,0.038534714223219343;
2.9283631598592086,0.038920305181748493;
2.914372318522413,0.03930920722579194;
2.921379779501772,0.03988894819856881;
2.921397839968214,0.04105023619076667;
2.9120605788178824,0.04066434422446337;
2.9097488391133517,0.04201948122313505;
2.9214159004346553,0.04221152418296456;
2.914435530154959,0.04337371519848453;
2.905113319393329,0.04395556322567956;
2.9144535906214006,0.04453500319068239;
2.9051283697820302,0.04492330321917781;
2.914468641010102,0.04550274318418064;
2.900483819828787,0.04627874122562338;
2.9098301112123392,0.0472452771880255;
2.8958422799532837,0.0478277272307686;
2.907515361430068,0.048406866187997416;
2.8958633504974655,0.04918256322166613;
2.8935486007151945,0.050344152221638044;
2.9052066318032774,0.049955551185368596;
2.9028918820210063,0.0511171401853405;
2.8888980306064704,0.05131249423068432;
2.8982413119122823,0.052085482194386815;
2.8889221112283927,0.05286087822028149;
2.8959355923632324,0.05382771519045765;
2.88428057135289,0.05440986422542671;
2.8912880323322483,0.054989605198203575;
2.8796330113219057,0.05557175423317266;
2.89130609279869,0.05615089319040145;
2.88900037324964,0.0578931261864723;
2.8796510717883476,0.056733042225370525;
2.8773393320838165,0.05808817922404208;
2.884352813218656,0.05905501619421824;
2.870364981959601,0.05963746623696134;
2.884373883762838,0.06040985218511577;
2.8773754530167,0.06041075520843786;
2.86805324225507,0.060992603235632895;
2.8843919442292796,0.06157114017731363;
2.8634056822240863,0.06215449324337882;
2.87507274354539,0.06234653620320833;
2.8797534144315166,0.06331367418115852;
2.858773172581804,0.064284123244623;
2.865756552939241,0.06331548022780267;
2.875105854400533,0.06447556418890444;
2.868119463965356,0.06525065920702511;
2.872803144929223,0.06641134518367493;
2.854146683095002,0.06680084924326644;
2.858797253203726,0.06583250723422015;
2.8704914052246923,0.06776648218234649;
2.858827353981129,0.06776798722121663;
2.8495111633749794,0.06873693124581095;
2.8635080248672557,0.0687351251991668;
2.8635260853336972,0.06989641319136468;
2.8471934035149684,0.06970497224708323;
2.8472174841368902,0.0712533562366804;
2.858881535380454,0.07125185119781026;
2.8565637755204425,0.07221989219908252;
2.844902734354619,0.0724149452366523;
2.8565848460646243,0.07357472818998005;
2.8402611944791163,0.07396393124179752;
2.8519463162668614,0.07531726219382491;
2.830966074417149,0.07628771125728939;
2.8496616672619934,0.07841433118079327;
2.84030333556748,0.07667360322359258;
2.835670825925198,0.07880323322483674;
2.8310292860496946,0.08035221922998195;
2.8287295866561246,0.08248154822345212;
2.8240910568583617,0.08422408222729698;
2.819455537138339,0.08616016422984149;
2.812502257558305,0.08906428723365828;
2.807884798304724,0.09216165722840067;
2.7985926883204972,0.09467898524259217;
2.791636398662723,0.09738956024770931;
2.7870159293314014,0.10029338224375207;
2.775384988942981,0.10242391526831831;
2.7730943197826323,0.10513388825788738;
2.768470840373571,0.1078441622552305;
2.761517560793537,0.11074828525904728;
2.7475748807005855,0.11423395528228508;
2.733617150218933,0.11675188531202464;
2.7243370805456672,0.12004340532101473;
2.7127242006236884,0.12333522633777886;
2.705770921043654,0.12623934934159564;
2.6918312510284434,0.1299185673635331;
2.6685573299406413,0.133405441417867;
2.666269670858033,0.13630896240613571;
2.6499761200499274,0.13863364544494966;
2.6290049084334352,0.14018473850451307;
2.6243784189466335,0.14270146450315654;
2.598750617065937,0.14483380357436695;
2.5544513029623177,0.14638790671167065;
2.838051797417755,0.08189970019625706;
2.824048915769998,0.08151441024550193;
2.819410385972235,0.0832569442493468;
2.8147748662522125,0.08519302625189132;
2.81013934653219,0.08712910825443584;
2.8101965380092553,0.09080652022972912;
2.800850246625703,0.08983998426732699;
2.7962087067501997,0.09138897027247221;
2.7939059972788897,0.09332475126724272;
2.7939481383672535,0.09603442324903777;
2.789324658958192,0.09874469724638086;
2.782314187901093,0.09797140827490436;
2.7846229175278836,0.09642272327753316;
2.786931647154674,0.09487403828016197;
2.773004017450424,0.099327448296898;
2.773025087994606,0.10068228428779552;
2.766068798336832,0.10339285929291264;
2.770785590155842,0.1066825732552586;
2.7614934801716146,0.1091999012694501;
2.7522104004206085,0.11229787327974055;
2.72897862042117,0.11849441931586951;
2.7405975204986292,0.11558969429650467;
2.7150329302504787,0.12178654134040767;
2.7104214911523785,0.12527100733254937;
2.6987995809971785,0.12798218435321454;
2.680191280406802,0.1314684563920004;
2.645268358464138,0.13592457547870268;
2.6662455902361106,0.13476057841653854;
2.5754375649675114,0.14580455364560546;
2.6103966078430587,0.14367101054329895;
2.629025978977617,0.1415395744954106;
2.6686235516509273,0.1376634973892592;
2.7893668000465563,0.10145436922817591;
2.7824105103887815,0.10416494423329305;
2.7614362886945494,0.10552248929415683;
2.754464948648074,0.10726532430577573;
2.745163808430626,0.1092020083238683;
2.7405222685551225,0.11075099432901353;
2.738219559083813,0.11268677532378401;
2.731248219037337,0.11442961033540291;
2.721968149364071,0.11772113034439301;
2.7173235994108275,0.11907656835083859;
2.705689648944667,0.12101355337670519;
2.7010481090691636,0.12256253938185041;
2.7034110200952792,0.12449771836107284;
2.6941038597223503,0.12604730638176614;
2.687129509598135,0.12759659339468537;
2.6801491393184382,0.12875878441020536;
2.6731777992719627,0.13050161942182425;
2.6662004390700065,0.13185735843604385;
2.656905319008039,0.13418113845153573;
2.6359642081689496,0.1376677114980956;
